 N 	 Tiempo 	 OB promedio 	 OB maximo 	 OB minimo 
 1000 	 0.0000042930000000 	 500 		 1000 		 1 
 1050 	 0.0000031419047619 	 526 		 1050 		 1 
 1100 	 0.0000031836363636 	 550 		 1100 		 1 
 1150 	 0.0000023791304348 	 576 		 1150 		 1 
 1200 	 0.0000013100000000 	 600 		 1200 		 1 
 1250 	 0.0000013416000000 	 626 		 1250 		 1 
 1300 	 0.0000014053846154 	 650 		 1300 		 1 
 1350 	 0.0000014429629630 	 676 		 1350 		 1 
 1400 	 0.0000015114285714 	 700 		 1400 		 1 
 1450 	 0.0000015572413793 	 726 		 1450 		 1 
 1500 	 0.0000016046666667 	 750 		 1500 		 1 
 1550 	 0.0000016509677419 	 776 		 1550 		 1 
 1600 	 0.0000017056250000 	 800 		 1600 		 1 
 1650 	 0.0000017545454545 	 826 		 1650 		 1 
 1700 	 0.0000018094117647 	 850 		 1700 		 1 
 1750 	 0.0000018611428571 	 876 		 1750 		 1 
 1800 	 0.0000019127777778 	 900 		 1800 		 1 
 1850 	 0.0000019654054054 	 926 		 1850 		 1 
 1900 	 0.0000020178947368 	 950 		 1900 		 1 
 1950 	 0.0000020707692308 	 976 		 1950 		 1 
 2000 	 0.0000021245000000 	 1000 		 2000 		 1 
 2050 	 0.0000021775609756 	 1026 		 2050 		 1 
 2100 	 0.0000022276190476 	 1050 		 2100 		 1 
 2150 	 0.0000022804651163 	 1076 		 2150 		 1 
 2200 	 0.0000023336363636 	 1100 		 2200 		 1 
 2250 	 0.0000023853333333 	 1126 		 2250 		 1 
 2300 	 0.0000024386956522 	 1150 		 2300 		 1 
 2350 	 0.0000024919148936 	 1176 		 2350 		 1 
 2400 	 0.0000025441666667 	 1200 		 2400 		 1 
 2450 	 0.0000025967346939 	 1226 		 2450 		 1 
 2500 	 0.0000026500000000 	 1250 		 2500 		 1 
 2550 	 0.0000027023529412 	 1276 		 2550 		 1 
 2600 	 0.0000027534615385 	 1300 		 2600 		 1 
 2650 	 0.0000028079245283 	 1326 		 2650 		 1 
 2700 	 0.0000028603703704 	 1350 		 2700 		 1 
 2750 	 0.0000029120000000 	 1376 		 2750 		 1 
 2800 	 0.0000029650000000 	 1400 		 2800 		 1 
 2850 	 0.0000030182456140 	 1426 		 2850 		 1 
 2900 	 0.0000030700000000 	 1450 		 2900 		 1 
 2950 	 0.0000031223728814 	 1476 		 2950 		 1 
 3000 	 0.0000031746666667 	 1500 		 3000 		 1 
 3050 	 0.0000032275409836 	 1526 		 3050 		 1 
 3100 	 0.0000032800000000 	 1550 		 3100 		 1 
 3150 	 0.0000033320634921 	 1576 		 3150 		 1 
 3200 	 0.0000033856250000 	 1600 		 3200 		 1 
 3250 	 0.0000034387692308 	 1626 		 3250 		 1 
 3300 	 0.0000034915151515 	 1650 		 3300 		 1 
 3350 	 0.0000035432835821 	 1676 		 3350 		 1 
 3400 	 0.0000035979411765 	 1700 		 3400 		 1 
 3450 	 0.0000036495652174 	 1726 		 3450 		 1 
 3500 	 0.0000037014285714 	 1750 		 3500 		 1 
 3550 	 0.0000037529577465 	 1776 		 3550 		 1 
 3600 	 0.0000038069444444 	 1800 		 3600 		 1 
 3650 	 0.0000038580821918 	 1826 		 3650 		 1 
 3700 	 0.0000039113513514 	 1850 		 3700 		 1 
 3750 	 0.0000039637333333 	 1876 		 3750 		 1 
 3800 	 0.0000040171052632 	 1900 		 3800 		 1 
 3850 	 0.0000040696103896 	 1926 		 3850 		 1 
 3900 	 0.0000041217948718 	 1950 		 3900 		 1 
 3950 	 0.0000041741772152 	 1976 		 3950 		 1 
 4000 	 0.0000042272500000 	 2000 		 4000 		 1 
 4050 	 0.0000042792592593 	 2026 		 4050 		 1 
 4100 	 0.0000043321951220 	 2050 		 4100 		 1 
 4150 	 0.0000043850602410 	 2076 		 4150 		 1 
 4200 	 0.0000044373809524 	 2100 		 4200 		 1 
 4250 	 0.0000044901176471 	 2126 		 4250 		 1 
 4300 	 0.0000045427906977 	 2150 		 4300 		 1 
 4350 	 0.0000045954022989 	 2176 		 4350 		 1 
 4400 	 0.0000046486363636 	 2200 		 4400 		 1 
 4450 	 0.0000047011235955 	 2226 		 4450 		 1 
 4500 	 0.0000047535555556 	 2250 		 4500 		 1 
 4550 	 0.0000048065934066 	 2276 		 4550 		 1 
 4600 	 0.0000048578260870 	 2300 		 4600 		 1 
 4650 	 0.0000049113978495 	 2326 		 4650 		 1 
 4700 	 0.0000049644680851 	 2350 		 4700 		 1 
 4750 	 0.0000050172631579 	 2376 		 4750 		 1 
 4800 	 0.0000050691666667 	 2400 		 4800 		 1 
 4850 	 0.0000051214432990 	 2426 		 4850 		 1 
 4900 	 0.0000051740816327 	 2450 		 4900 		 1 
 4950 	 0.0000052268686869 	 2476 		 4950 		 1 
 5000 	 0.0000052790000000 	 2500 		 5000 		 1 
 5050 	 0.0000053322772277 	 2526 		 5050 		 1 
 5100 	 0.0000053849019608 	 2550 		 5100 		 1 
 5150 	 0.0000054370873786 	 2576 		 5150 		 1 
 5200 	 0.0000054896153846 	 2600 		 5200 		 1 
 5250 	 0.0000055569523810 	 2626 		 5250 		 1 
 5300 	 0.0000055964150943 	 2650 		 5300 		 1 
 5350 	 0.0000056478504673 	 2676 		 5350 		 1 
 5400 	 0.0000057003703704 	 2700 		 5400 		 1 
 5450 	 0.0000057535779817 	 2726 		 5450 		 1 
 5500 	 0.0000058050909091 	 2750 		 5500 		 1 
 5550 	 0.0000058581981982 	 2776 		 5550 		 1 
 5600 	 0.0000059110714286 	 2800 		 5600 		 1 
 5650 	 0.0000059631858407 	 2826 		 5650 		 1 
 5700 	 0.0000060166666667 	 2850 		 5700 		 1 
 5750 	 0.0000060690434783 	 2876 		 5750 		 1 
 5800 	 0.0000061205172414 	 2900 		 5800 		 1 
 5850 	 0.0000061743589744 	 2926 		 5850 		 1 
 5900 	 0.0000062262711864 	 2950 		 5900 		 1 
 5950 	 0.0000062786554622 	 2976 		 5950 		 1 
 6000 	 0.0000063393333333 	 3000 		 6000 		 1 
 6050 	 0.0000063838016529 	 3026 		 6050 		 1 
 6100 	 0.0000064368852459 	 3050 		 6100 		 1 
 6150 	 0.0000064897560976 	 3076 		 6150 		 1 
 6200 	 0.0000065416129032 	 3100 		 6200 		 1 
 6250 	 0.0000065960000000 	 3126 		 6250 		 1 
 6300 	 0.0000066476190476 	 3150 		 6300 		 1 
 6350 	 0.0000067058267717 	 3176 		 6350 		 1 
 6400 	 0.0000067600000000 	 3200 		 6400 		 1 
 6450 	 0.0000068063565891 	 3226 		 6450 		 1 
 6500 	 0.0000068576923077 	 3250 		 6500 		 1 
 6550 	 0.0000069100763359 	 3276 		 6550 		 1 
 6600 	 0.0000069669696970 	 3300 		 6600 		 1 
 6650 	 0.0000070192481203 	 3326 		 6650 		 1 
 6700 	 0.0000070773134328 	 3350 		 6700 		 1 
 6750 	 0.0000071210370370 	 3376 		 6750 		 1 
 6800 	 0.0000071732352941 	 3400 		 6800 		 1 
 6850 	 0.0000072259854015 	 3426 		 6850 		 1 
 6900 	 0.0000072784057971 	 3450 		 6900 		 1 
 6950 	 0.0000073428776978 	 3476 		 6950 		 1 
 7000 	 0.0000073880000000 	 3500 		 7000 		 1 
 7050 	 0.0000074363120567 	 3526 		 7050 		 1 
 7100 	 0.0000074916901408 	 3550 		 7100 		 1 
 7150 	 0.0000075415384615 	 3576 		 7150 		 1 
 7200 	 0.0000075968055556 	 3600 		 7200 		 1 
 7250 	 0.0000076463448276 	 3626 		 7250 		 1 
 7300 	 0.0000077023287671 	 3650 		 7300 		 1 
 7350 	 0.0000077526530612 	 3676 		 7350 		 1 
 7400 	 0.0000078090540541 	 3700 		 7400 		 1 
 7450 	 0.0000078609395973 	 3726 		 7450 		 1 
 7500 	 0.0000079096000000 	 3750 		 7500 		 1 
 7550 	 0.0000079651655629 	 3776 		 7550 		 1 
 7600 	 0.0000080209210526 	 3800 		 7600 		 1 
 7650 	 0.0000080745098039 	 3826 		 7650 		 1 
 7700 	 0.0000081232467532 	 3850 		 7700 		 1 
 7750 	 0.0000081741935484 	 3876 		 7750 		 1 
 7800 	 0.0000082280769231 	 3900 		 7800 		 1 
 7850 	 0.0000082808917197 	 3926 		 7850 		 1 
 7900 	 0.0000083307594937 	 3950 		 7900 		 1 
 7950 	 0.0000083860377358 	 3976 		 7950 		 1 
 8000 	 0.0000084386250000 	 4000 		 8000 		 1 
 8050 	 0.0000084894409938 	 4026 		 8050 		 1 
 8100 	 0.0000085440740741 	 4050 		 8100 		 1 
 8150 	 0.0000085961963190 	 4076 		 8150 		 1 
 8200 	 0.0000086469512195 	 4100 		 8200 		 1 
 8250 	 0.0000087020606061 	 4126 		 8250 		 1 
 8300 	 0.0000087542168675 	 4150 		 8300 		 1 
 8350 	 0.0000088075449102 	 4176 		 8350 		 1 
 8400 	 0.0000088634523810 	 4200 		 8400 		 1 
 8450 	 0.0000089131360947 	 4226 		 8450 		 1 
 8500 	 0.0000089652941176 	 4250 		 8500 		 1 
 8550 	 0.0000090183625731 	 4276 		 8550 		 1 
 8600 	 0.0000090681395349 	 4300 		 8600 		 1 
 8650 	 0.0000091233526012 	 4326 		 8650 		 1 
 8700 	 0.0000091812643678 	 4350 		 8700 		 1 
 8750 	 0.0000092305142857 	 4376 		 8750 		 1 
 8800 	 0.0000092812500000 	 4400 		 8800 		 1 
 8850 	 0.0000093319774011 	 4426 		 8850 		 1 
 8900 	 0.0000093874157303 	 4450 		 8900 		 1 
 8950 	 0.0000094392178771 	 4476 		 8950 		 1 
 9000 	 0.0000094938888889 	 4500 		 9000 		 1 
 9050 	 0.0000095548066298 	 4526 		 9050 		 1 
 9100 	 0.0000095980219780 	 4550 		 9100 		 1 
 9150 	 0.0000096502732240 	 4576 		 9150 		 1 
 9200 	 0.0000097072826087 	 4600 		 9200 		 1 
 9250 	 0.0000097535135135 	 4626 		 9250 		 1 
 9300 	 0.0000098078494624 	 4650 		 9300 		 1 
 9350 	 0.0000098609625668 	 4676 		 9350 		 1 
 9400 	 0.0000099134042553 	 4700 		 9400 		 1 
 9450 	 0.0000099668783069 	 4726 		 9450 		 1 
 9500 	 0.0000100187368421 	 4750 		 9500 		 1 
 9550 	 0.0000100709947644 	 4776 		 9550 		 1 
 9600 	 0.0000101301041667 	 4800 		 9600 		 1 
 9650 	 0.0000101778238342 	 4826 		 9650 		 1 
 9700 	 0.0000102290721649 	 4850 		 9700 		 1 
 9750 	 0.0000102818461538 	 4876 		 9750 		 1 
 9800 	 0.0000103405102041 	 4900 		 9800 		 1 
 9850 	 0.0000103879187817 	 4926 		 9850 		 1 
 9900 	 0.0000104403030303 	 4950 		 9900 		 1 
 9950 	 0.0000104927638191 	 4976 		 9950 		 1 
 10000 	 0.0000105465000000 	 5000 		 10000 		 1 
